1.340599060058594034e+02
0.000000000000000000e+00
1.326000022888183878e+02
7.108982849121093750e+02
1.859837150573729900e+02
1.132325077056885050e+02
9.439999580383300781e+01
1.081492900848388956e+02
1.356700134277344034e+02
1.118493175506591939e+02
1.249095249176024964e+02
2.808817291259766193e+02
1.165598964691161967e+02
4.177763748168944744e+02
2.015661048889159872e+02
2.564644622802733807e+02
6.869999885559082031e+01
2.255999946594237997e+02
9.919701576232910156e+01
4.099565982818604226e+01
9.170743942260742188e+01
3.314629554748535156e+01
1.970000028610229137e+01
2.756360244750977131e+02
7.116203308105468750e+01
1.395940399169921875e+02
1.528464698791503906e+02
1.261707878112792969e+02
1.223266601562500000e+02
3.370701074600219727e+01
1.152021121978760050e+02
1.327252292633056925e+02
6.542298793792724609e+01
3.978825330734252930e+01
3.430588531494141193e+02
4.067506408691406250e+02
4.050706100463867188e+02
1.355000019073486044e+02
1.114999961853027060e+02
3.933703994750977131e+02
2.586321258544921875e+02
1.270462512969970987e+02
1.404986000061034872e+02
2.202892494201659872e+02
5.184049606323242188e+01
1.146944236755370952e+02
4.590000152587891336e+01
4.054230117797852131e+02
1.602691459655762003e+02
2.160000038146972940e+02
6.899473667144775391e+01
2.169441413879395100e+02
1.933267402648926065e+02
1.873122978210448935e+02
1.828145599365234091e+02
6.691222190856933594e+01
3.587209320068358807e+02
2.216716051101684926e+01
6.308746814727783203e+01
6.805562019348145952e+01
7.489999771118164062e+01
1.909514427185058878e+02
9.146816253662109375e+01
1.636000061035155966e+02
1.977805519104003906e+02
1.703725814819335938e+02
5.874914646148682351e+01
1.961480736732482910e+01
3.529331207275391193e+02
2.003150939941405966e+02
2.074615097045897869e+02
1.709136772155762003e+02
3.043730020523070934e+01
2.437085342407227131e+02
2.673765563964843750e+02
4.757641601562500000e+02
3.233872604370117188e+02
2.374888038635253906e+02
5.229239273071289062e+02
1.944026374816895100e+02
1.190670394897460938e+02
2.251305007934570028e+02
8.930828094482421875e+01
6.481692790985107422e+01
4.850097656250000000e+02
2.996886444091796875e+02
3.720495939254760742e+01
1.099928855895995952e+02
2.488408470153808878e+02
1.900287628173828125e+02
1.138726043701172017e+02
7.010612964630126953e+01
7.713324737548828125e+02
1.077136230468750000e+02
1.300747299194335938e+02
1.900790786743164062e+02
3.348653030395507812e+02
3.643959045410156250e+02
9.492312431335449219e+01
