1.410653266906738281e+02
0.000000000000000000e+00
1.438000011444091797e+02
7.728171234130859375e+02
1.942043857574462891e+02
1.097551145553588583e+02
1.071900014877319336e+02
1.132045116424560547e+02
1.397973604202270508e+02
1.154934329986572266e+02
1.309290552139282227e+02
2.756168041229248047e+02
1.117220935821533203e+02
4.483987121582031250e+02
2.212419052124023438e+02
2.578926811218261719e+02
7.700000000000000000e+01
2.568800010681152344e+02
1.068350858688354492e+02
3.993943738937377930e+01
9.134732341766357422e+01
3.309450364112854004e+01
2.101999974250793457e+01
2.918353595733642578e+02
7.363306856155395508e+01
1.462087736129760742e+02
1.612773666381835938e+02
1.293563995361328125e+02
1.263543844223022461e+02
4.072470617294311523e+01
1.256750249862670898e+02
1.329194555282592773e+02
6.404346323013305664e+01
4.087126564979553223e+01
3.582636528015136719e+02
4.240380592346191406e+02
4.357368087768554688e+02
1.351800003051757812e+02
1.188700017929077148e+02
3.956982231140136719e+02
2.605450038909912109e+02
1.398295364379882812e+02
1.456387958526611328e+02
2.261743335723876953e+02
5.500465440750122070e+01
1.176638031005859375e+02
4.815999984741210938e+01
4.051940956115722656e+02
1.700506896972656250e+02
2.093999996185302734e+02
7.038121414184570312e+01
2.243423690795898438e+02
1.994616909027099609e+02
1.908487644195556641e+02
1.967137432098388672e+02
7.676566648483276367e+01
3.923246002197265625e+02
2.698407292366027832e+01
7.296665716171264648e+01
6.756322383880615234e+01
7.981000041961669922e+01
2.012160377502441406e+02
1.069836025238037109e+02
1.831999988555908203e+02
2.188333396911621094e+02
1.875643730163574219e+02
6.417597675323486328e+01
2.000710356235504150e+01
3.477614212036132812e+02
2.124079780578613281e+02
2.185287017822265625e+02
1.780990257263183594e+02
3.214702177047729492e+01
2.664272994995117188e+02
2.717300891876220703e+02
5.122362289428710938e+02
3.331430168151855469e+02
2.468363647460937500e+02
5.493034934997558594e+02
1.855915279388427734e+02
1.368437976837158203e+02
2.431914997100830078e+02
9.814031600952148438e+01
6.401140260696411133e+01
4.987310981750488281e+02
3.132787532806396484e+02
4.193390274047851562e+01
1.138892135620117188e+02
2.661510715484619141e+02
1.956368904113769531e+02
1.243712959289550781e+02
7.320606088638305664e+01
7.788864974975585938e+02
1.101697654724121094e+02
1.377331705093383789e+02
2.056881523132324219e+02
3.441317939758300781e+02
3.615059890747070312e+02
1.018275279998779297e+02
