    0    34   101   117   117   117   167   184   267   267   301   334   351   367   367   417   434   467   484   501   551   551   584   601   601   618   651   701   734   768   784   801   801   818   835   835   868   868   885   901   901   951   951   951   952   952   952   968
   34     0    67    84    84    84   134   151   234   234   267   301   317   334   334   384   401   434   451   468   518   518   551   568   568   584   618   668   701   734   751   768   768   784   801   801   835   835   851   868   868   918   918   918   918   918   918   935
  101    67     0    17    17    17    67    84   167   167   201   234   251   267   267   317   334   367   384   401   451   451   484   501   501   518   551   601   634   668   684   701   701   718   735   735   768   768   785   801   801   851   851   851   852   852   852   868
  117    84    17     0     1     2    51    67   151   151   184   217   234   251   251   301   317   351   367   384   434   434   468   484   484   501   534   584   618   651   668   684   684   701   718   718   751   751   768   785   785   835   835   835   835   835   835   852
  117    84    17     1     0     1    51    67   151   151   184   217   234   251   251   301   317   351   367   384   434   434   468   484   484   501   534   584   618   651   668   684   684   701   718   718   751   751   768   785   785   835   835   835   835   835   835   852
  117    84    17     2     1     0    51    67   151   151   184   217   234   251   251   301   317   351   367   384   434   434   467   484   484   501   534   584   618   651   668   684   684   701   718   718   751   751   768   785   785   835   835   835   835   835   835   852
  167   134    67    51    51    51     0    17   101   101   134   167   184   201   201   251   267   301   317   334   384   384   417   434   434   451   484   534   568   601   618   634   634   651   668   668   701   701   718   735   735   785   785   785   785   785   785   802
  184   151    84    67    67    67    17     0    84    84   117   151   167   184   184   234   251   284   301   317   367   367   401   417   418   434   468   518   551   584   601   618   618   634   651   651   684   684   701   718   718   768   768   768   768   768   768   785
  267   234   167   151   151   151   101    84     0     1    34    67    84   101   101   151   167   201   217   234   284   284   317   334   334   351   384   434   468   501   518   534   534   551   568   568   601   601   618   635   635   685   685   685   685   685   685   702
  267   234   167   151   151   151   101    84     1     0    34    67    84   101   101   151   167   201   217   234   284   284   317   334   334   351   384   434   468   501   518   534   534   551   568   568   601   601   618   635   635   685   685   685   685   685   685   702
  301   267   201   184   184   184   134   117    34    34     0    34    51    67    67   117   134   167   184   201   251   251   284   301   301   318   351   401   434   468   484   501   501   518   534   534   568   568   585   601   601   651   651   651   651   651   651   668
  334   301   234   217   217   217   167   151    67    67    34     0    17    34    34    84   101   134   151   167   217   217   251   267   267   284   318   368   401   434   451   468   468   484   501   501   534   534   551   568   568   618   618   618   618   618   618   635
  351   317   251   234   234   234   184   167    84    84    51    17     0    17    17    67    84   117   134   151   201   201   234   251   251   267   301   351   384   418   434   451   451   468   484   484   518   518   534   551   551   601   601   601   601   601   601   618
  367   334   267   251   251   251   201   184   101   101    67    34    17     0     1    51    67   101   117   134   184   184   217   234   234   251   284   334   367   401   418   434   434   451   468   468   501   501   518   534   535   585   585   585   585   585   585   601
  367   334   267   251   251   251   201   184   101   101    67    34    17     1     0    51    67   101   117   134   184   184   217   234   234   251   284   334   367   401   417   434   434   451   468   468   501   501   518   534   534   584   585   585   585   585   585   601
  417   384   317   301   301   301   251   234   151   151   117    84    67    51    51     0    17    51    67    84   134   134   167   184   184   201   234   284   317   351   367   384   384   401   418   418   451   451   468   484   484   534   535   535   535   535   535   551
  434   401   334   317   317   317   267   251   167   167   134   101    84    67    67    17     0    34    51    67   117   117   151   167   167   184   217   267   301   334   351   367   368   384   401   401   434   434   451   468   468   518   518   518   518   518   518   535
  467   434   367   351   351   351   301   284   201   201   167   134   117   101   101    51    34     0    17    34    84    84   117   134   134   151   184   234   267   301   317   334   334   351   368   368   401   401   418   434   434   484   484   485   485   485   485   501
  484   451   384   367   367   367   317   301   217   217   184   151   134   117   117    67    51    17     0    17    67    67   101   117   117   134   167   217   251   284   301   317   317   334   351   351   384   384   401   418   418   468   468   468   468   468   468   485
  501   468   401   384   384   384   334   317   234   234   201   167   151   134   134    84    67    34    17     0    51    51    84   101   101   117   151   201   234   267   284   301   301   317   334   334   368   368   384   401   401   451   451   451   451   451   451   468
  551   518   451   434   434   434   384   367   284   284   251   217   201   184   184   134   117    84    67    51     0     1    34    51    51    67   101   151   184   217   234   251   251   267   284   284   318   318   334   351   351   401   401   401   401   401   401   418
  551   518   451   434   434   434   384   367   284   284   251   217   201   184   184   134   117    84    67    51     1     0    34    51    51    67   101   151   184   217   234   251   251   267   284   284   318   318   334   351   351   401   401   401   401   401   401   418
  584   551   484   468   468   467   417   401   317   317   284   251   234   217   217   167   151   117   101    84    34    34     0    17    17    34    67   117   151   184   201   217   217   234   251   251   284   284   301   318   318   368   368   368   368   368   368   385
  601   568   501   484   484   484   434   417   334   334   301   267   251   234   234   184   167   134   117   101    51    51    17     0     1    17    51   101   134   167   184   201   201   217   234   234   267   268   284   301   301   351   351   351   351   351   351   368
  601   568   501   484   484   484   434   418   334   334   301   267   251   234   234   184   167   134   117   101    51    51    17     1     0    17    51   101   134   167   184   201   201   217   234   234   267   267   284   301   301   351   351   351   351   351   351   368
  618   584   518   501   501   501   451   434   351   351   318   284   267   251   251   201   184   151   134   117    67    67    34    17    17     0    34    84   117   151   167   184   184   201   217   217   251   251   267   284   284   334   334   334   334   334   334   351
  651   618   551   534   534   534   484   468   384   384   351   318   301   284   284   234   217   184   167   151   101   101    67    51    51    34     0    51    84   117   134   151   151   167   184   184   217   217   234   251   251   301   301   301   301   301   301   318
  701   668   601   584   584   584   534   518   434   434   401   368   351   334   334   284   267   234   217   201   151   151   117   101   101    84    51     0    34    67    84   101   101   117   134   134   167   167   184   201   201   251   251   251   251   251   251   268
  734   701   634   618   618   618   568   551   468   468   434   401   384   367   367   317   301   267   251   234   184   184   151   134   134   117    84    34     0    34    51    67    67    84   101   101   134   134   151   168   168   218   218   218   218   218   218   235
  768   734   668   651   651   651   601   584   501   501   468   434   418   401   401   351   334   301   284   267   217   217   184   167   167   151   117    67    34     0    17    34    34    51    67    67   101   101   118   134   134   184   184   184   184   185   185   201
  784   751   684   668   668   668   618   601   518   518   484   451   434   418   417   367   351   317   301   284   234   234   201   184   184   167   134    84    51    17     0    17    17    34    51    51    84    84   101   118   118   168   168   168   168   168   168   185
  801   768   701   684   684   684   634   618   534   534   501   468   451   434   434   384   367   334   317   301   251   251   217   201   201   184   151   101    67    34    17     0     1    17    34    34    67    67    84   101   101   151   151   151   151   151   151   168
  801   768   701   684   684   684   634   618   534   534   501   468   451   434   434   384   368   334   317   301   251   251   217   201   201   184   151   101    67    34    17     1     0    17    34    34    67    67    84   101   101   151   151   151   151   151   151   168
  818   784   718   701   701   701   651   634   551   551   518   484   468   451   451   401   384   351   334   317   267   267   234   217   217   201   167   117    84    51    34    17    17     0    17    17    51    51    67    84    84   134   134   134   134   134   134   151
  835   801   735   718   718   718   668   651   568   568   534   501   484   468   468   418   401   368   351   334   284   284   251   234   234   217   184   134   101    67    51    34    34    17     0     1    34    34    51    67    67   117   117   118   118   118   118   134
  835   801   735   718   718   718   668   651   568   568   534   501   484   468   468   418   401   368   351   334   284   284   251   234   234   217   184   134   101    67    51    34    34    17     1     0    34    34    51    67    67   117   117   117   118   118   118   134
  868   835   768   751   751   751   701   684   601   601   568   534   518   501   501   451   434   401   384   368   318   318   284   267   267   251   217   167   134   101    84    67    67    51    34    34     0     1    17    34    34    84    84    84    84    84    84   101
  868   835   768   751   751   751   701   684   601   601   568   534   518   501   501   451   434   401   384   368   318   318   284   268   267   251   217   167   134   101    84    67    67    51    34    34     1     0    17    34    34    84    84    84    84    84    84   101
  885   851   785   768   768   768   718   701   618   618   585   551   534   518   518   468   451   418   401   384   334   334   301   284   284   267   234   184   151   118   101    84    84    67    51    51    17    17     0    17    17    67    67    67    67    68    68    84
  901   868   801   785   785   785   735   718   635   635   601   568   551   534   534   484   468   434   418   401   351   351   318   301   301   284   251   201   168   134   118   101   101    84    67    67    34    34    17     0     1    51    51    51    51    51    51    68
  901   868   801   785   785   785   735   718   635   635   601   568   551   535   534   484   468   434   418   401   351   351   318   301   301   284   251   201   168   134   118   101   101    84    67    67    34    34    17     1     0    51    51    51    51    51    51    68
  951   918   851   835   835   835   785   768   685   685   651   618   601   585   584   534   518   484   468   451   401   401   368   351   351   334   301   251   218   184   168   151   151   134   117   117    84    84    67    51    51     0     1     2     3     4     5    18
  951   918   851   835   835   835   785   768   685   685   651   618   601   585   585   535   518   484   468   451   401   401   368   351   351   334   301   251   218   184   168   151   151   134   117   117    84    84    67    51    51     1     0     1     2     3     4    18
  951   918   851   835   835   835   785   768   685   685   651   618   601   585   585   535   518   485   468   451   401   401   368   351   351   334   301   251   218   184   168   151   151   134   118   117    84    84    67    51    51     2     1     0     1     2     3    18
  952   918   852   835   835   835   785   768   685   685   651   618   601   585   585   535   518   485   468   451   401   401   368   351   351   334   301   251   218   184   168   151   151   134   118   118    84    84    67    51    51     3     2     1     0     1     2    17
  952   918   852   835   835   835   785   768   685   685   651   618   601   585   585   535   518   485   468   451   401   401   368   351   351   334   301   251   218   185   168   151   151   134   118   118    84    84    68    51    51     4     3     2     1     0     1    17
  952   918   852   835   835   835   785   768   685   685   651   618   601   585   585   535   518   485   468   451   401   401   368   351   351   334   301   251   218   185   168   151   151   134   118   118    84    84    68    51    51     5     4     3     2     1     0    17
  968   935   868   852   852   852   802   785   702   702   668   635   618   601   601   551   535   501   485   468   418   418   385   368   368   351   318   268   235   201   185   168   168   151   134   134   101   101    84    68    68    18    18    18    17    17    17     0
